Matrix 1:
0 0 0 0 0 0
0 0 0 3 3 3
0 2 4 0 2 4
0 2 4 3 5 1
0 4 2 0 4 2
0 4 2 3 1 5

Matrix 2:
0 0 0 0 0 0
0 0 0 3 3 3
0 2 4 0 2 4
0 2 4 3 5 1
0 4 2 2 0 4
0 4 2 5 3 1

Matrix 3:
0 0 0 0 0 0
0 0 0 3 3 3
0 2 4 0 2 4
0 2 4 3 5 1
0 4 2 1 5 3
0 4 2 4 2 0

Matrix 4:
0 0 0 0 0 0
0 0 0 3 3 3
0 2 4 1 3 5
0 2 4 4 0 2
0 4 2 0 4 2
0 4 2 3 1 5

Matrix 5:
0 0 0 0 0 0
0 0 0 3 3 3
0 2 4 1 3 5
0 2 4 4 0 2
0 4 2 2 0 4
0 4 2 5 3 1

Matrix 6:
0 0 0 0 0 0
0 0 0 3 3 3
0 2 4 1 3 5
0 2 4 4 0 2
0 4 2 1 5 3
0 4 2 4 2 0

Matrix 7:
0 0 0 0 0 0
0 0 1 3 3 4
0 2 4 0 2 4
0 2 5 3 5 2
0 4 2 0 4 2
0 4 3 3 1 0

Matrix 8:
0 0 0 0 0 0
0 0 2 2 4 4
0 0 4 4 2 2
0 3 0 3 0 3
0 3 2 5 4 1
0 3 4 1 2 5

Matrix 9:
0 0 0 0 0 0
0 0 2 2 4 4
0 0 4 4 2 2
0 3 0 3 1 4
0 3 2 5 5 2
0 3 4 1 3 0

Matrix 10:
0 0 0 0 0 0
0 0 2 2 4 4
0 0 4 4 2 2
0 3 1 4 0 3
0 3 3 0 4 1
0 3 5 2 2 5

Matrix 11:
0 0 0 0 0 0
0 0 2 2 4 4
0 0 4 4 2 2
0 3 0 3 2 5
0 3 2 5 0 3
0 3 4 1 4 1

Matrix 12:
0 0 0 0 0 0
0 0 2 2 4 4
0 0 4 4 2 2
0 3 1 4 1 4
0 3 3 0 5 2
0 3 5 2 3 0

Matrix 13:
0 0 0 0 0 0
0 0 2 2 4 4
0 0 4 4 2 2
0 3 1 4 2 5
0 3 3 0 0 3
0 3 5 2 4 1

Matrix 14:
0 0 0 0 0 0
0 0 2 2 4 4
0 2 0 4 2 4
0 3 3 0 0 3
0 3 5 2 4 1
0 5 3 4 2 1

Matrix 15:
0 0 0 0 0 0
0 0 2 2 4 4
0 2 0 4 2 4
0 2 4 0 4 2
0 4 2 4 0 2
0 4 4 2 2 0

Matrix 16:
0 0 0 0 0 0
0 0 2 2 4 4
0 1 4 5 2 3
0 3 0 3 0 3
0 3 2 5 4 1
0 4 4 2 2 0

Matrix 17:
0 0 0 0 0 0
0 0 2 3 3 5
0 2 0 3 5 3
0 2 4 0 2 4
0 4 2 0 4 2
0 4 4 3 1 1

Matrix 18:
0 0 0 0 0 0
0 1 1 3 4 4
0 2 4 0 2 4
0 3 5 3 0 2
0 4 2 0 4 2
0 5 3 3 2 0

Matrix 19:
0 0 0 0 0 0
0 1 2 3 4 5
0 2 4 0 2 4
0 3 0 3 0 3
0 4 2 0 4 2
0 5 4 3 2 1

Matrix 20:
0 0 0 0 0 0
0 1 2 3 4 5
0 1 4 5 2 3
0 3 0 3 0 3
0 4 2 0 4 2
0 4 4 2 2 0

