Matrix 1:
0 0 0 0 0 0 0
0 0 0 2 3 3 4
0 1 4 4 0 3 2
0 2 3 0 4 1 4
0 3 5 3 3 0 1
0 4 2 2 0 5 3
0 4 2 5 2 3 0

Matrix 2:
0 0 0 0 0 0 0
0 0 0 2 3 3 4
0 2 4 0 3 4 1
0 2 4 3 1 0 4
0 3 1 5 0 3 3
0 4 3 2 5 2 0
0 5 2 4 3 0 2

Matrix 3:
0 0 0 0 0 0 0
0 0 0 2 3 3 4
0 2 4 0 3 4 1
0 2 4 3 1 0 4
0 3 2 0 5 2 4
0 4 1 4 1 4 2
0 5 3 3 4 1 1

Matrix 4:
0 0 0 0 0 0 0
0 0 0 2 3 3 4
0 1 3 5 0 3 3
0 2 5 4 3 0 2
0 3 4 2 5 2 0
0 4 2 0 3 4 1
0 4 2 3 1 0 4

Matrix 5:
0 0 0 0 0 0 0
0 0 0 2 3 3 4
0 2 4 2 0 5 3
0 2 4 5 2 3 0
0 3 2 0 4 1 4
0 4 1 4 0 3 2
0 5 3 3 3 0 1

Matrix 6:
0 0 0 0 0 0 0
0 0 0 2 3 3 4
0 2 4 2 0 5 3
0 2 4 5 2 3 0
0 3 1 5 5 2 3
0 4 3 2 4 1 0
0 5 2 4 2 5 2

Matrix 7:
0 0 0 0 0 0 0
0 0 0 2 3 3 4
0 1 4 4 1 4 2
0 2 3 0 5 2 4
0 3 5 3 4 1 1
0 4 2 0 3 4 1
0 4 2 3 1 0 4

Matrix 8:
0 0 0 0 0 0 0
0 0 0 2 3 3 4
0 1 3 5 1 4 3
0 2 5 4 4 1 2
0 3 4 2 0 3 0
0 4 2 1 4 5 2
0 4 2 4 2 1 5

Matrix 9:
0 0 0 0 0 0 0
0 0 0 2 3 3 4
0 1 4 4 2 5 2
0 2 3 0 0 3 4
0 3 5 3 5 2 1
0 4 2 1 4 5 2
0 4 2 4 2 1 5

Matrix 10:
0 0 0 0 0 0 0
0 0 0 2 3 3 4
0 2 4 1 4 5 2
0 2 4 4 2 1 5
0 3 2 0 0 3 4
0 4 1 4 2 5 2
0 5 3 3 5 2 1

Matrix 11:
0 0 0 0 0 0 0
0 0 0 2 3 3 4
0 2 4 1 4 5 2
0 2 4 4 2 1 5
0 3 1 5 1 4 3
0 4 3 2 0 3 0
0 5 2 4 4 1 2

Matrix 12:
0 0 0 0 0 0 0
0 0 0 2 3 3 4
0 1 3 5 2 5 3
0 2 5 4 5 2 2
0 3 4 2 1 4 0
0 4 2 2 5 0 3
0 4 2 5 3 2 0

Matrix 13:
0 0 0 0 0 0 0
0 0 1 2 3 4 4
0 2 3 0 0 3 4
0 2 5 4 2 0 3
0 3 0 3 5 3 1
0 4 3 1 4 0 2
0 5 3 4 2 2 0

Matrix 14:
0 0 0 0 0 0 0
0 0 1 2 3 4 4
0 0 3 5 4 2 2
0 2 5 4 2 0 3
0 3 0 3 5 3 1
0 3 3 0 2 4 0
0 4 3 2 0 1 4

Matrix 15:
0 0 0 0 0 0 0
0 0 1 2 3 4 4
0 0 3 5 4 2 2
0 2 5 4 2 1 4
0 3 1 4 0 4 2
0 3 4 1 3 5 1
0 4 3 2 0 2 5

Matrix 16:
0 0 0 0 0 0 0
0 0 1 2 3 4 4
0 0 3 5 4 2 2
0 2 5 4 2 2 5
0 3 2 5 1 5 3
0 3 5 2 4 0 2
0 4 3 2 0 3 0

Matrix 17:
0 0 0 0 0 0 0
0 0 1 2 3 4 4
0 0 4 3 5 2 2
0 2 4 0 3 0 3
0 3 1 5 4 3 1
0 3 4 2 1 4 0
0 4 2 4 1 1 4

Matrix 18:
0 0 0 0 0 0 0
0 0 1 2 3 4 4
0 0 4 3 5 2 2
0 2 4 0 3 1 4
0 3 2 0 5 4 2
0 3 5 3 2 5 1
0 4 2 4 1 2 5

Matrix 19:
0 0 0 0 0 0 0
0 0 1 2 3 4 4
0 0 4 3 5 2 2
0 2 4 0 3 2 5
0 3 0 4 3 0 2
0 3 3 1 0 5 3
0 4 2 4 1 3 0

Matrix 20:
0 0 0 0 0 0 0
0 0 1 2 3 4 4
0 2 0 4 5 2 3
0 2 4 0 3 3 0
0 3 4 2 1 0 4
0 4 2 5 3 0 2
0 5 3 3 0 3 1

Matrix 21:
0 0 0 0 0 0 0
0 0 1 2 3 4 4
0 1 4 4 1 2 4
0 2 4 1 5 4 2
0 3 1 5 4 1 3
0 4 2 4 1 4 1
0 4 4 2 3 1 0

Matrix 22:
0 0 0 0 0 0 0
0 0 1 2 3 4 4
0 1 4 5 3 1 3
0 2 5 3 0 4 2
0 3 3 0 2 4 0
0 4 1 4 4 2 1
0 4 3 2 0 1 4

Matrix 23:
0 0 0 0 0 0 0
0 0 1 3 3 3 5
0 1 4 0 2 4 3
0 3 0 3 0 4 2
0 3 2 0 5 2 4
0 3 4 4 2 1 0
0 5 3 2 4 0 2

Matrix 24:
0 0 0 0 0 0 0
0 0 1 3 3 3 5
0 1 4 0 2 4 3
0 3 0 5 4 2 2
0 3 2 4 1 0 4
0 3 4 2 0 3 0
0 5 3 2 4 0 2

Matrix 25:
0 0 0 0 0 0 0
0 0 1 3 3 3 5
0 1 4 1 3 5 3
0 3 1 0 5 3 3
0 3 3 5 2 1 5
0 3 5 3 1 4 1
0 5 3 3 5 1 2

Matrix 26:
0 0 0 0 0 0 0
0 0 1 3 3 3 5
0 1 4 1 3 5 3
0 3 1 4 1 5 3
0 3 3 1 0 3 5
0 3 5 5 3 2 1
0 5 3 3 5 1 2

Matrix 27:
0 0 0 0 0 0 0
0 0 2 2 3 4 5
0 0 4 4 1 3 2
0 2 0 3 5 2 4
0 3 3 1 0 5 3
0 3 4 0 3 2 0
0 4 1 4 3 0 2

Matrix 28:
0 0 0 0 0 0 0
0 0 2 2 3 4 5
0 0 4 4 1 3 2
0 2 1 4 5 2 4
0 3 4 2 1 0 4
0 3 5 1 4 3 1
0 4 2 5 3 0 2

Matrix 29:
0 0 0 0 0 0 0
0 0 2 2 3 4 5
0 0 4 4 1 3 2
0 2 2 5 5 2 4
0 3 0 2 5 4 2
0 3 5 3 2 1 5
0 4 3 0 3 0 2

Matrix 30:
0 0 0 0 0 0 0
0 0 2 2 3 4 5
0 0 4 4 2 1 3
0 2 0 3 0 4 3
0 3 3 1 5 1 4
0 3 4 0 2 4 1
0 4 1 4 4 2 1

Matrix 31:
0 0 0 0 0 0 0
0 0 2 2 3 4 5
0 0 4 4 2 1 3
0 2 1 4 0 4 3
0 3 4 2 0 2 5
0 3 5 1 3 5 2
0 4 2 5 4 2 1

Matrix 32:
0 0 0 0 0 0 0
0 0 2 2 3 4 5
0 0 4 4 2 1 3
0 2 2 5 0 4 3
0 3 0 2 4 0 3
0 3 5 3 1 3 0
0 4 3 0 4 2 1

Matrix 33:
0 0 0 0 0 0 0
0 0 2 2 3 4 5
0 1 0 4 4 2 3
0 2 4 0 2 5 3
0 3 5 3 1 3 0
0 4 2 3 0 0 3
0 4 3 0 4 2 1

Matrix 34:
0 0 0 0 0 0 0
0 0 2 2 3 4 5
0 1 3 5 0 3 3
0 2 0 4 3 1 4
0 3 0 2 5 4 2
0 4 3 0 3 0 2
0 4 4 3 1 2 0

Matrix 35:
0 0 0 0 0 0 0
0 0 2 2 3 4 5
0 2 0 5 3 4 2
0 2 5 2 5 2 4
0 3 3 5 2 1 5
0 4 4 2 1 5 2
0 5 2 4 5 2 2

Matrix 36:
0 0 0 0 0 0 0
0 0 2 2 3 4 5
0 2 2 5 0 4 3
0 2 5 4 2 2 5
0 3 0 2 4 0 3
0 4 4 2 0 3 1
0 5 3 5 3 1 2

Matrix 37:
0 0 0 0 0 0 0
0 0 2 2 3 4 5
0 2 2 5 5 2 4
0 2 5 0 3 4 2
0 3 5 3 2 1 5
0 4 2 4 1 5 2
0 5 4 2 5 2 2

Matrix 38:
0 0 0 0 0 0 0
0 0 2 2 3 4 5
0 2 4 5 2 2 5
0 2 5 2 0 4 3
0 3 2 0 4 0 3
0 4 2 4 0 3 1
0 5 5 3 3 1 2

Matrix 39:
0 0 0 0 0 0 0
0 1 1 2 4 4 4
0 1 4 4 0 2 3
0 3 0 4 3 0 2
0 3 4 1 4 2 0
0 4 3 1 1 5 3
0 5 2 4 2 3 0

Matrix 40:
0 0 0 0 0 0 0
0 1 1 2 4 4 4
0 1 4 4 1 2 4
0 3 0 4 4 1 2
0 3 4 1 0 4 2
0 4 3 1 3 1 5
0 5 2 4 2 4 1

Matrix 41:
0 0 0 0 0 0 0
0 1 1 3 3 4 5
0 1 4 0 4 3 2
0 2 4 4 1 1 4
0 4 0 3 4 1 2
0 4 2 0 2 5 3
0 4 3 2 0 3 0

Matrix 42:
0 0 0 0 0 0 0
0 1 1 3 3 4 5
0 1 4 0 4 3 2
0 2 4 4 1 1 4
0 4 1 4 0 3 2
0 4 2 1 4 1 4
0 4 4 2 2 5 1

Matrix 43:
0 0 0 0 0 0 0
0 1 1 3 3 4 5
0 2 4 0 3 1 4
0 2 5 4 0 3 2
0 4 2 3 0 1 4
0 4 4 2 2 5 1
0 5 2 0 4 3 2

Matrix 44:
0 0 0 0 0 0 0
0 1 1 3 3 4 5
0 1 3 0 5 3 3
0 3 0 3 5 1 3
0 3 5 5 2 3 1
0 4 3 1 3 1 5
0 5 3 3 1 5 2

Matrix 45:
0 0 0 0 0 0 0
0 1 1 3 3 4 5
0 1 4 3 5 1 3
0 3 3 1 1 5 4
0 3 5 1 4 3 1
0 4 1 5 3 1 3
0 5 3 4 1 3 1

Matrix 46:
0 0 0 0 0 0 0
0 1 1 3 3 4 5
0 2 5 3 5 1 3
0 3 3 1 1 5 4
0 3 5 0 3 3 1
0 5 2 5 3 1 3
0 5 3 3 0 3 1

Matrix 47:
0 0 0 0 0 0 0
0 1 2 2 4 4 5
0 2 0 4 0 3 3
0 2 4 0 3 0 3
0 4 2 5 4 2 1
0 4 5 2 2 4 1
0 5 3 3 1 1 4

Matrix 48:
0 0 0 0 0 0 0
0 1 2 2 4 4 5
0 2 0 4 1 4 3
0 2 4 0 4 1 3
0 4 1 4 4 2 1
0 4 4 1 2 4 1
0 5 3 3 1 1 4

Matrix 49:
0 0 0 0 0 0 0
0 1 2 2 4 4 5
0 2 0 4 2 5 3
0 2 4 0 5 2 3
0 4 0 3 4 2 1
0 4 3 0 2 4 1
0 5 3 3 1 1 4

Matrix 50:
0 0 0 0 0 0 0
0 1 2 2 4 4 5
0 1 4 5 2 4 2
0 3 0 4 3 2 0
0 3 3 0 0 2 4
0 4 1 3 1 5 3
0 5 4 2 4 1 2

Matrix 51:
0 0 0 0 0 0 0
0 1 2 2 4 4 5
0 2 5 5 3 3 1
0 3 0 3 0 2 4
0 3 3 0 2 0 4
0 5 2 4 4 1 2
0 5 4 2 1 4 2

Matrix 52:
0 0 0 0 0 0 0
0 1 2 2 4 4 5
0 2 5 5 3 3 1
0 3 1 4 0 2 4
0 3 4 1 2 0 4
0 5 2 4 3 0 2
0 5 4 2 0 3 2

Matrix 53:
0 0 0 0 0 0 0
0 1 2 2 4 4 5
0 2 5 5 3 3 1
0 3 2 5 0 2 4
0 3 5 2 2 0 4
0 5 2 4 2 5 2
0 5 4 2 5 2 2

Matrix 54:
0 0 0 0 0 0 0
0 1 2 3 3 5 5
0 2 5 0 3 2 4
0 2 5 3 0 4 2
0 4 3 0 2 4 1
0 4 3 2 0 1 4
0 5 1 4 4 2 2

Matrix 55:
0 0 0 0 0 0 0
0 1 2 3 3 5 5
0 2 5 1 4 2 4
0 2 5 4 1 4 2
0 4 3 0 2 3 0
0 4 3 2 0 0 3
0 5 1 4 4 2 2

Matrix 56:
0 0 0 0 0 0 0
0 1 2 3 3 5 5
0 1 5 3 5 2 3
0 3 3 1 0 5 3
0 3 5 1 3 3 0
0 4 1 5 3 1 3
0 5 3 4 1 3 1

Matrix 57:
0 0 0 0 0 0 0
0 1 2 3 3 5 5
0 2 1 5 5 3 3
0 3 5 1 3 0 3
0 3 5 3 1 3 0
0 5 3 1 4 3 1
0 5 3 4 1 1 3

Matrix 58:
0 0 0 0 0 0 0
0 1 2 3 3 5 5
0 2 1 5 5 3 3
0 3 5 1 3 1 4
0 3 5 3 1 4 1
0 5 3 0 3 3 1
0 5 3 3 0 1 3

Matrix 59:
0 0 0 0 0 0 0
0 1 2 3 3 5 5
0 2 1 5 5 3 3
0 3 5 1 3 2 5
0 3 5 3 1 5 2
0 5 3 2 5 1 3
0 5 3 5 2 3 1

Matrix 60:
0 0 0 0 0 0 0
0 1 2 3 3 5 5
0 2 5 2 5 2 4
0 2 5 5 2 4 2
0 4 3 0 2 2 5
0 4 3 2 0 5 2
0 5 1 4 4 2 2

